C -5.7700 -8.2100 -7.1800 -1.9900 -5.7100 12.3100
C 1.2800 -8.1400 -7.3200 -7.7200 -3.8500 3.5200
A 8.5900 -0.7000 -7.1700 -8.1800 8.2500 7.4000
A 2.8100 -7.3800 1.4000 10.8300 -3.8600 8.3200
C 6.2200 8.9900 -9.0300 6.7700 1.8600 -10.5000
B  10.3600 1.2000 11.4000 -11.0600
B  9.1000 9.2700 7.6800 2.3300
C 7.8600 -1.1700 -5.7900 1.4300 5.5100 -10.6300
A -8.7200 -10.8400 7.8900 2.8900 12.5600 12.3600
C -11.6700 3.8100 -6.7300 1.8800 -1.7900 -5.6000
C -6.1500 -10.9500 -10.0500 3.9400 0.8400 -10.7900
A 0.5800 -9.8800 -5.9300 -9.6300 11.3700 8.4300
A 5.2100 -2.7100 -8.9300 -4.1300 -5.7700 -0.4000
C -12.7600 -1.1600 12.3300 3.1400 -11.9200 -11.2000
B  7.0800 4.1500 -8.0600 4.3900
A -7.3300 -10.3200 3.0800 -12.1300 6.8100 6.6400
C 5.3300 4.3700 4.1100 -6.6100 -4.5700 4.0400
B  0.2500 -1.0700 -7.6700 3.2500
B  -2.9900 -1.6100 7.2500 0.2900
B  -6.8500 -4.4100 -5.7000 -9.2600
C -0.5700 5.1100 -12.3500 1.4300 -8.5000 12.7900
B  11.1600 -12.7200 -9.1500 -4.9700
B  6.1000 -5.0900 5.1700 4.5600
C 3.2600 10.8500 7.6500 3.7500 11.4700 -0.0500
B  9.8700 -1.2900 6.3300 11.5900
C 10.2400 8.2200 8.1300 -1.3500 -2.9600 -1.1500
B  3.6300 3.9300 -11.8300 5.2800
A 0.4900 11.3500 4.6200 7.4100 -10.0400 -12.1400
B  -10.5600 8.3000 -6.0500 7.9000
C -8.4800 -7.5600 -3.1700 -11.5700 1.5100 -4.1000
B  -11.7500 -12.2100 5.3800 0.4700
B  -6.3800 -8.2100 -6.4100 -3.5700
B  -1.2700 9.3000 8.1600 10.5400
B  10.2600 -9.4300 10.0400 -6.4700
C 9.4800 6.2300 -10.6200 5.7000 1.1400 -1.1700
A 11.9100 -11.7100 -3.2600 -10.3200 5.2600 -4.3100
C -11.6400 6.5300 10.9600 -5.2500 2.6100 7.1800
C -8.2900 5.6000 10.4800 1.4400 -4.2000 8.7300
C 11.2100 11.1300 -2.2300 -7.1100 -4.6600 -7.2300
B  3.8500 5.0200 10.7900 -8.0100
B  -1.5000 -4.4400 7.0000 -7.0300
A -3.8300 9.0700 -6.7900 -1.4500 -3.7600 11.4300
B  5.7900 -3.8400 -9.8900 4.2100
C -6.2600 -0.7300 -3.5700 10.1600 -11.2500 -10.5100
B  2.6700 -8.7000 11.4700 8.4400
A -9.6500 -0.5600 -8.9200 -11.3500 -3.7200 -12.0500
A 6.9900 3.7700 -0.7900 -4.8900 4.7500 3.2100
A -4.3400 -3.6300 -7.1200 7.7400 8.2600 -0.1100
C 1.7000 7.1400 10.9200 -11.9700 -11.8300 -1.5600
B  2.9500 12.6600 3.1200 -11.1400
A 10.6400 8.5000 -4.6000 -1.5300 4.7700 -6.8300
C 1.2500 0.1300 6.0900 -11.3400 9.1900 5.1700
C 4.2100 -12.2600 2.1500 12.4300 -4.2600 -3.2600
B  -9.2200 2.2800 11.7300 5.6800
A -6.6800 3.9500 -5.0600 -11.9500 -9.5500 7.2400
A -2.3400 3.0800 1.1000 -8.9600 3.7900 0.8500
B  0.2600 3.9600 2.4300 -10.9900
A -9.0300 -5.2800 -8.2600 -11.2900 -10.1800 1.3400
A 2.3700 7.3100 1.3700 -7.9300 -11.4500 12.6700
A -5.3200 7.2900 12.2900 11.8200 8.5800 -12.3600
B  -8.1200 1.4100 3.4700 -7.3700
B  -3.5200 -8.5500 9.3100 3.3400
B  -5.1300 2.7100 -3.0200 -8.2000
B  -4.4800 -0.5900 2.8400 -5.2100